circuito_n	APTITUD RENOVADORA	AUTODETERMINACIÓN Y LIBERTAD	AUTONOMISTA	DIGNIDAD POPULAR	FEDERAL	FRENTE DE IZQUIERDA Y DE TRABAJADORES - UNIDAD	FRENTE DE TODOS	JUNTOS POR EL CAMBIO	LA LIBERTAD AVANZA	MOVIMIENTO AL SOCIALISMO	MOVIMIENTO LIBRES DEL SUR	POLÍTICA OBRERA	RENOVADOR FEDERAL	SOCIALISTA AUTÉNTICO
1	0.443196927	3.117151721	0.132959078	0.310237849	0.457970158	8.213916384	32.20564337	39.5774856	13.26636135	0.310237849	0.48751662	0.635248929	0.118185847	0.723888314
2	0.412778177	2.835606604	0.179468772	0.269203159	0.502512563	8.07609476	35.06819813	37.54486719	12.79612348	0.358937545	0.430725054	0.681981335	0.179468772	0.664034458
3	0.174621653	0.698486612	0.058207218	0.058207218	0.523864959	1.920838184	10.47729919	65.59953434	20.02328289	0.116414435	0	0.232828871	0	0.116414435
4	0	0.493653032	0	0.070521862	0.352609309	1.339915374	9.732016925	71.50916784	16.00846262	0.141043724	0	0.141043724	0	0.211565585
5	0.546006067	0.950455005	0.182002022	0.364004044	0.303336704	7.502527806	48.63498483	25.07583418	12.90192113	0.303336704	1.415571284	0.950455005	0.222446916	0.647118301
6	0.170323615	0.73138964	0.030057109	0.050095181	0.280533013	1.893597836	7.193667969	75.02254283	13.97655546	0.050095181	0.150285543	0.140266506	0.030057109	0.280533013
7	0.21611002	1.296660118	0.098231827	0.098231827	0.510805501	3.359528487	11.94499018	66.46365422	14.91159136	0.176817289	0.21611002	0.176817289	0.019646365	0.510805501
8	0.263584753	2.00729927	0.141930251	0.202757502	0.446066504	3.811841038	16.90997567	60.54339011	14.37550689	0.223033252	0.202757502	0.243309002	0.081103001	0.547445255
9	0.305122852	1.78255982	0.208768267	0.12847278	0.819013971	4.319897222	18.66067127	55.03452706	17.24747069	0.240886462	0.401477437	0.289063755	0.144531877	0.417536534
10	0.59549128	2.367786757	0.241032185	0.198497093	0.694739827	5.472848433	21.42350773	53.06961577	14.12165036	0.311924004	0.311924004	0.368637459	0.113426911	0.708918191
11	0.471361234	2.628195972	0.314240823	0.285673475	0.57134695	5.984859306	28.42451078	44.06513355	15.35494929	0.34280817	0.414226539	0.57134695	0.085702043	0.485644908
12	0.538116592	2.242152466	0.23916293	0.254110613	0.538116592	6.87593423	27.98206278	45.20179372	13.85650224	0.284005979	0.478325859	0.568011958	0.164424514	0.777279522
13	0.813114754	2.662295082	0.236065574	0.262295082	0.590163934	6.793442623	27.90819672	44.69508197	13.75737705	0.432786885	0.432786885	0.668852459	0.118032787	0.629508197
14	0.580270793	2.804642166	0.225660864	0.193423598	0.773694391	4.706640877	26.69245648	45.74468085	16.40876854	0.096711799	0.419084462	0.51579626	0.096711799	0.741457124
15	0.416666667	3.452380952	0.099206349	0.257936508	0.456349206	7.777777778	33.03571429	38.71031746	13.27380952	0.496031746	0.674603175	0.396825397	0.238095238	0.714285714
16	0.414078675	2.879728967	0.207039337	0.244682853	0.545830981	7.396950875	31.65819688	41.12554113	12.76115189	0.357613401	0.527009223	0.82815735	0.18821758	0.865800866
17	0.586090128	3.151862464	0.182339151	0.247460276	0.507944777	7.645220109	31.20604324	41.19562386	13.20656421	0.299557176	0.468872102	0.612138578	0.130242251	0.560041678
18	0.824420677	2.295008913	0.222816399	0.423351159	0.445632799	8.311051693	32.28609626	38.057041	14.52762923	0.534759358	0.401069519	0.646167558	0.267379679	0.757575758
19	0.535688432	2.432315043	0.231649052	0.361951643	0.535688432	7.456203851	34.97900681	36.02142754	14.42015347	0.347473578	0.419863906	0.709425221	0.231649052	1.317503981
20	0.206526229	1.115241636	0.206526229	0.082610492	0.309789343	3.22180917	16.62536142	63.52746799	13.54812061	0.082610492	0.309789343	0.330441966	0.123915737	0.309789343
21	0.188279595	0.647211108	0.070604848	0.035302424	0.282419393	1.9534008	7.401741586	74.49988233	14.12096964	0.082372323	0.17651212	0.117674747	0.058837373	0.364791716
22	0.24707783	1.967119643	0.114035921	0.180556875	0.446640692	4.618454813	14.44455003	64.19272071	12.63898128	0.152047895	0.30409579	0.180556875	0.047514967	0.465646679
23	0.188111362	2.0165538	0.165537998	0.105342363	0.398796087	4.567343868	15.3724605	62.87434161	12.88186607	0.195635816	0.338600451	0.293453725	0.052671181	0.549285177
24	0.183908046	1.712643678	0.137931034	0.045977011	0.402298851	3.75862069	11.86206897	66.56321839	14.21839081	0.229885057	0.218390805	0.172413793	0.114942529	0.379310345
25	0.180984556	1.11003861	0.072393822	0.132722008	0.265444015	3.040540541	10.05067568	70.55984556	13.76689189	0.072393822	0.132722008	0.193050193	0.096525097	0.325772201
26	0.130220445	0.995256255	0.074411683	0.148823365	0.409264254	2.678820575	9.533996838	70.18881965	14.92884383	0.074411683	0.213933588	0.167426286	0.037205841	0.418565715
27	0.334489594	1.672447968	0.136273538	0.111496531	0.396432111	4.905847374	16.0555005	61.34786918	13.80079286	0.235381566	0.297324083	0.247770069	0.074331021	0.384043608
28	0.247948016	2.120383037	0.1624487	0.111149111	0.42749658	5.942202462	19.93844049	56.39534884	13.18399453	0.153898769	0.453146375	0.239398085	0.042749658	0.581395349
29	0.18464785	2.20258507	0.145080454	0.131891322	0.382484832	5.75046162	19.87602216	57.24083355	12.18675811	0.329728304	0.422052229	0.329728304	0.039567396	0.778158797
30	0.437405732	2.684766214	0.105580694	0.135746606	0.377073906	6.033182504	22.48868778	50.40723982	15.76168929	0.331825038	0.256410256	0.437405732	0.075414781	0.467571644
31	0.386821395	2.280912365	0.293450714	0.080032013	0.56022409	5.482192877	22.62238229	50.34013605	16.35320795	0.200080032	0.173402694	0.44017607	0.133386688	0.653594771
32	0.407035906	2.587585405	0.247128943	0.188980957	0.4361099	7.239424335	24.58206135	48.88791976	13.30135194	0.26166594	0.421572903	0.69777584	0.072684983	0.668701846
33	0.570482149	2.410747148	0.0736106	0.2576371	0.515274199	7.066617593	26.61023187	45.85940375	14.70371734	0.31284505	0.34965035	0.46006625	0.1104159	0.699300699
34	0.500398044	2.683953145	0.238826339	0.341180484	0.409416581	6.74400091	25.57716365	46.63937223	14.59115205	0.352553167	0.352553167	0.489025361	0.238826339	0.841578528
35	0.646364201	2.560596644	0.78309509	0.360472343	0.584213797	7.743940336	28.83778745	41.39216905	14.67992542	0.298321939	0.447482909	0.633934121	0.124300808	0.907395898
36	0.616724107	2.575730093	0.163250499	0.399056775	0.834391438	8.960638491	32.43243243	36.65880646	14.96462906	0.362778886	0.344639942	0.707418828	0.25394522	0.725557773
37	0.492957746	2.436619718	0.309859155	0.338028169	0.591549296	7.450704225	30.22535211	41.3943662	14.16901409	0.422535211	0.478873239	0.676056338	0.23943662	0.774647887
38	0.429564119	2.665824384	0.240050537	0.277953253	0.454832596	7.163613392	29.05874921	43.29753632	14.18825016	0.265319015	0.530638029	0.530638029	0.151610865	0.745420088
39	0.569627924	2.775421161	0.290873833	0.266634347	0.521148952	7.199127378	28.19052236	43.4007999	14.53157193	0.327233063	0.448430493	0.702945098	0.121197431	0.654466125
40	0.483529767	2.402538531	0.226654578	0.271985494	0.589301904	7.31338773	28.54336658	44.03142944	14.03747356	0.271985494	0.513750378	0.483529767	0.105772137	0.725294651
41	0.833264582	2.895800677	0.214503754	0.338255919	0.478508374	7.326128207	31.37529907	40.51645904	13.65398895	0.297005198	0.379506641	0.709512416	0.173253032	0.808514149
42	0.480439259	2.921855084	0.235317188	0.196097657	0.65692715	6.843808216	30.01274635	42.11197176	14.50142171	0.274536719	0.460829493	0.539268556	0.147073242	0.617707618
43	0.820145547	2.806977013	0.288783643	0.381194409	0.612221324	7.450617997	30.36848793	41.07658542	14.16194987	0.300334989	0.381194409	0.462053829	0.16171884	0.727734781
44	0.626145388	2.428222358	0.183262065	0.305436775	0.641417227	8.323152108	31.67379353	40.74526573	12.95051924	0.167990226	0.381795968	0.565058033	0.167990226	0.83995113
45	0.39899202	2.225955481	0.1049979	0.3149937	0.6299874	6.908861823	35.23729525	38.74422512	12.93574129	0.33599328	0.60898782	0.6299874	0.04199916	0.88198236
46	0.511508951	2.371541502	0.279004883	0.232504069	0.651011393	7.812136712	32.99232737	37.43315508	15.2057661	0.395256917	0.418507324	0.651011393	0.162752848	0.883515462
47	0.888460715	1.466495397	0.246199957	0.567330336	0.620852066	6.593877114	51.1881824	23.02504817	11.72125883	0.513808606	0.695782488	1.305930208	0.417469493	0.749304218
48	0.488440247	2.203408228	0.23879301	0.206230327	0.683816346	6.469119722	28.36209704	46.30413546	13.16617823	0.23879301	0.336481059	0.499294475	0.14110496	0.662107891
49	0.538668719	2.680518148	0.243683468	0.346287033	0.500192382	6.451199179	31.84558163	39.02783122	15.8907272	0.500192382	0.461716045	0.705399513	0.230858022	0.577145056
50	0.430061284	2.365337061	0.172024513	0.129018385	0.419309752	5.988603376	25.30910655	50.19890334	13.14912375	0.365552091	0.333297495	0.440812816	0.075260725	0.623588861
51	0.314701034	2.772366252	0.29971527	0.149857635	0.404615615	5.424846396	24.77146711	49.63284879	14.11658924	0.329686798	0.449572906	0.55447325	0.164843399	0.614416305
52	0.687110319	1.743224329	0.139966917	0.267209569	0.801628706	6.947448785	34.3427917	37.10395725	15.26911821	0.381727955	0.636213259	0.814352971	0.229036773	0.636213259
53	0.920768444	1.989314539	0.20461521	0.363760373	0.511538024	6.968284642	35.09150847	36.9785154	13.86836422	0.557008071	0.557008071	0.954870979	0.352392861	0.682050699
54	0.740813908	2.340971948	0.197550375	0.325958119	0.444488345	7.763729751	30.52153299	42.03871987	13.00869222	0.345713157	0.533386013	0.701303832	0.256815488	0.780323983
55	0.75280381	2.565678292	0.230450146	0.430173606	0.55308035	6.314333999	35.02842219	36.96420341	14.71808266	0.39944692	0.460900292	0.599170379	0.245813489	0.737440467
56	0.620457366	2.481829463	0.390001773	0.2659103	0.655912072	6.346392484	35.1178869	37.45789754	14.35915618	0.301365006	0.567275306	0.780003545	0.141818826	0.514093246
57	0.476376415	2.389691527	0.531042561	0.304568528	0.562280359	6.770792659	31.45646232	39.64076533	15.68137446	0.304568528	0.382663022	0.577899258	0.179617337	0.741897696
58	0.508931244	2.973755114	0.229518012	0.219538968	0.419119848	7.454345874	31.40405149	40.11575691	14.3299072	0.39916176	0.488973156	0.488973156	0.139706616	0.828260653
59	0.584343991	2.712238148	0.209481808	0.286659316	0.584343991	7.739801544	31.8522602	40.85997795	12.85556781	0.242557883	0.452039691	0.573318633	0.220507166	0.826901874
60	0.465625856	3.295900666	0.200858212	0.173468456	0.456495937	7.806080526	30.36610974	43.87838948	10.99242217	0.356066831	0.383456587	0.529535287	0.155208619	0.940381631
61	0.425049589	2.88089166	0.358930764	0.151128743	0.491168414	7.206951922	25.66354964	48.12505904	12.8176065	0.236138661	0.519505053	0.406158496	0.122792104	0.595069425
62	0.486130969	3.245639119	0.300257363	0.328853303	0.486130969	7.34915642	29.71118101	41.6499857	13.46868745	0.343151273	0.471833	0.757792393	0.200171576	1.201029454
63	0.438497014	2.918273229	0.257049974	0.189007333	0.725788161	7.462009526	26.88440312	46.48068345	12.72397369	0.24948968	0.468738187	0.38557496	0.105844107	0.710667574
64	0.48671951	3.441802253	0.152968989	0.222500348	0.431094424	7.947434293	27.62480879	45.53608678	12.077597	0.278125435	0.347656793	0.431094424	0.139062717	0.883048255
65	0.473985891	4.045414462	0.242504409	0.264550265	0.341710758	7.793209877	25.54012346	45.12786596	13.40388007	0.231481481	0.407848325	1.223544974	0.110229277	0.793650794
66	0.433044637	3.3422163	0.16655563	0.255385299	0.433044637	8.594270486	26.91538974	45.01443482	12.93582056	0.233177881	0.366422385	0.466355763	0.16655563	0.677326227
67	0.39309893	3.552449589	0.189269855	0.181990245	0.480454248	8.771929825	26.8544806	45.86882143	11.98223775	0.225667904	0.291184393	0.39309893	0.094634928	0.720681371
68	0.418118467	3.863724352	0.201316299	0.240030972	0.371660859	8.308168796	26.82926829	46.58923732	11.59117306	0.193573364	0.387146729	0.255516841	0.054200542	0.696864111
69	0.209368001	2.901937871	0.170415815	0.165546791	0.433343071	5.935339371	21.21433441	54.92745155	12.61077028	0.199629954	0.360307722	0.23858214	0.068166326	0.5648067
70	0.35161744	3.618954885	0.183922969	0.200151466	0.448988424	7.064805799	25.3002272	48.64762523	12.23628692	0.205560965	0.508492914	0.421940928	0.129827978	0.681596884
71	0.347544022	3.183503244	0.176088971	0.120481928	0.560704356	5.903614458	22.02965709	53.41519926	12.84986098	0.217794254	0.250231696	0.273401297	0.074142725	0.597775718
72	0.464876033	3.873966942	0.196280992	0.247933884	0.588842975	8.26446281	27.5	43.90495868	13.01652893	0.402892562	0.340909091	0.464876033	0.092975207	0.640495868
73	0.502591487	3.902937019	0.23558976	0.109941888	0.510444479	8.284906549	26.00910947	47.04727501	11.57531019	0.227736768	0.361237632	0.408355583	0.054970944	0.769593215
74	0.787806131	2.84295256	0.251184564	0.137009762	0.371068105	5.680196381	20.37449335	55.34623509	12.75903408	0.188388423	0.216932123	0.313980704	0.068504881	0.662213849
75	0.40192926	3.081457663	0.174169346	0.160771704	0.535905681	7.234726688	26.47374062	46.22186495	14.24169346	0.241157556	0.321543408	0.227759914	0.053590568	0.629689175
76	0.355342534	3.528633997	0.305759855	0.140484257	0.58672837	6.635815222	26.39451285	46.86389555	13.36253202	0.338814974	0.454507892	0.272704735	0.115692918	0.644574829
77	0.428825437	3.158665412	0.219642297	0.240560611	0.690304361	6.997176028	30.57211589	40.81163058	14.75787052	0.240560611	0.554335321	0.481121222	0.167346512	0.679845204
78	0.459087227	2.565487443	0.162030786	0.337564137	0.472589792	6.346205779	30.81285444	41.1963273	15.6494734	0.337564137	0.526600054	0.445584661	0.121523089	0.56710775
79	0.539325843	2.662921348	0.269662921	0.235955056	0.550561798	6.752808989	24.07865169	48.20224719	14.70786517	0.280898876	0.415730337	0.438202247	0.235955056	0.629213483
80	0.344575546	3.65458912	0.219275347	0.219275347	0.668267725	6.870627545	23.92189621	48.24057638	13.99185549	0.240158714	0.365458912	0.480317427	0.052208416	0.730917824
81	0.421844716	2.63367917	0.102610877	0.239425379	0.38764109	6.35047315	23.48648957	50.98620454	13.69285144	0.38764109	0.296431422	0.421844716	0.159616919	0.433245924
82	0.459036024	2.973755114	0.189601836	0.339287496	0.588763596	6.656022353	25.34677178	47.29068955	14.2400958	0.339287496	0.319329408	0.44905698	0.14968566	0.658616905
83	0.349267224	2.609231612	0.198602931	0.191754554	0.616353924	5.45130804	20.88754965	53.75291056	14.30625942	0.239693193	0.458841255	0.294480208	0.047938639	0.595808793
84	0.563627255	2.793086172	0.187875752	0.250501002	0.463426854	6.588176353	27.70541082	43.93787575	15.30561122	0.263026052	0.563627255	0.488476954	0.150300601	0.738977956
85	0.296787709	3.334497207	0.192039106	0.139664804	0.453910615	6.494413408	23.95251397	49.12709497	14.43784916	0.261871508	0.31424581	0.401536313	0.087290503	0.506284916
86	0.614457133	1.918729349	0.266651209	0.342009159	0.486928294	6.706857573	38.69920584	30.89675961	17.08886441	0.388383282	0.498521825	1.159353081	0.220277085	0.713002145
87	1.180983143	1.539315635	0.252346825	0.378520238	0.575350762	6.626627637	42.2176239	30.10497628	14.11123448	0.358332492	0.873120016	0.656101746	0.388614111	0.73685273
88	0.40643376	2.161881702	0.198893117	0.302663438	0.786924939	5.30958146	27.79315116	43.60947769	17.27775856	0.38049118	0.518851608	0.475613974	0.112417848	0.665859564
89	0.591846372	1.989611207	0.273886353	0.406107351	0.576105777	6.299386117	34.71745632	36.89595467	15.81614985	0.292775067	0.720919251	0.547772706	0.214072092	0.657956871
90	0.586548488	2.157194995	0.224843587	0.400808133	0.557221064	5.774244004	37.7443952	35.77945777	14.25964546	0.361704901	0.501824818	0.775547445	0.208550574	0.668013556
91	0.718076803	1.201998127	0.234155479	0.405869497	0.452700593	6.696846706	41.05526069	27.1152045	19.49734624	0.374648767	0.343428036	0.874180456	0.343428036	0.686856072
92	0.639949643	2.52832564	0.293747377	0.262274444	0.577003777	6.745698699	28.67184222	41.87998321	16.53378095	0.241292488	0.346202266	0.577003777	0.146873689	0.556021821
93	0.57695571	2.884778551	0.254539284	0.305447141	0.712709995	6.940437808	32.64890548	39.02935686	14.28813847	0.407262854	0.57695571	0.492109282	0.169692856	0.712709995
94	0.465356774	3.115305067	0.12926577	0.206825233	0.439503619	7.406928645	31.43743537	40.49896587	14.27094106	0.245604964	0.413650465	0.620475698	0.142192347	0.607549121
95	0.439095788	2.715888762	0.203285087	0.21141649	0.764351927	5.683851033	29.28931534	43.56805985	15.05122784	0.317124736	0.357781753	0.512278419	0.16262807	0.72369491
96	0.561307222	2.794062617	0.137208432	0.374204815	0.810777099	6.835474616	31.35836348	39.74055133	15.16776849	0.324310839	0.374204815	0.523886741	0.224522889	0.773356617
97	0.718501411	2.283808057	0.256607647	0.256607647	0.6543495	5.760841673	34.70618424	38.36284321	14.79343084	0.307929176	0.423402617	0.513215294	0.153964588	0.808314088
98	0.607431341	2.487883683	0.226171244	0.368336026	0.717285945	5.008077544	27.63166397	45.66720517	15.14701131	0.329563813	0.458804523	0.432956381	0.200323102	0.717285945
99	0.478351527	2.453084754	0.147185085	0.269839323	0.74819085	5.261866797	24.57990924	49.18434932	14.64491598	0.392493561	0.392493561	0.55194407	0.208512204	0.686863731
100	0.403517848	2.741852043	0.196585618	0.20693223	0.879461976	4.924987067	25.45266425	48.57734092	14.93016037	0.217278841	0.289705122	0.382824625	0.134505949	0.662183135
101	0.480688143	2.858829482	0.236127509	0.227694384	0.733681903	5.9959521	25.9824591	46.89660988	14.45437679	0.312025637	0.41322314	0.446955642	0.118063754	0.843312532
102	0.365630713	3.290676417	0.223440991	0.172658948	0.589071704	5.778996547	23.10582978	48.62888483	15.82368475	0.274223035	0.4671948	0.396099939	0.101564087	0.782043469
103	0.517377123	3.239230683	0.26993589	0.281183219	0.663592397	5.612417051	24.00179957	46.55269374	16.69103588	0.348667192	0.427398493	0.382409178	0.191204589	0.821054999
104	0.495267444	3.202729474	0.209112921	0.30816641	0.495267444	6.427470834	26.3372221	44.38696896	16.17873652	0.264142637	0.363196126	0.374202069	0.253136694	0.704380365
105	0.434558444	3.284967224	0.243058113	0.184134934	0.552404802	6.45208809	24.72563895	47.4920822	14.78971791	0.25042351	0.316712087	0.41982765	0.13994255	0.714443544
106	0.504080653	3.204512722	0.192030725	0.288046087	0.492078733	6.541046567	25.90014402	44.47911666	16.3106097	0.324051848	0.468074892	0.40806529	0.144023044	0.744119059
107	0.366274059	3.145647802	0.237000862	0.244182706	0.553002011	6.844297616	26.72364263	45.49698363	14.6078713	0.25136455	0.337546682	0.308819305	0.143636886	0.739729963
108	0.555748524	3.554474933	0.185249508	0.277874262	0.602060901	6.715294662	27.27799004	44.19358574	14.55366447	0.196827602	0.405233299	0.602060901	0.162093319	0.717841843
109	0.477469412	3.349746344	0.216353327	0.261116085	0.52223217	7.162041182	26.3652641	44.56132498	14.73440764	0.305878842	0.574455386	0.440167114	0.096985974	0.932557446
110	0.470392916	2.877697842	0.221361372	0.276701716	0.470392916	7.166574433	29.67625899	43.37299391	13.48920863	0.35971223	0.332042059	0.332042059	0.083010515	0.871610404
111	0.452488688	3.089851325	0.400775695	0.21978022	0.775694893	6.205559147	26.41241112	45.61085973	14.8804137	0.232708468	0.555914674	0.310277957	0.077569489	0.775694893
112	1.506942093	3.200135455	0.203183204	0.287842872	0.592617677	6.992888588	27.0910938	43.12563495	14.96782933	0.270910938	0.55875381	0.440230274	0.135455469	0.626481544
113	0.444107452	3.390381282	0.23830156	0.194974003	0.595753899	6.36915078	26.40814558	44.35658579	15.63041595	0.292461005	0.519930676	0.487435009	0.151646447	0.920710572
114	0.507786053	3.410629655	0.160798917	0.228503724	0.541638456	6.812796209	26.9041977	45.69228165	13.81178064	0.270819228	0.296208531	0.499322952	0.143872715	0.719363575
115	0.434374266	3.662831651	0.270016436	0.187837521	0.704390702	7.443061752	28.77436018	43.56656492	12.80817093	0.305235971	0.457853956	0.434374266	0.258276591	0.692650857
116	0.554739762	3.89133627	0.163158753	0.146842878	0.546581824	7.138195464	28.63436123	42.90259422	13.98270517	0.252896068	0.416054821	0.530265949	0.081579377	0.758688204
117	0.330851944	3.864952252	0.210542146	0.270697045	0.443642379	6.857658471	25.35528987	47.19151816	13.51229416	0.210542146	0.360929393	0.428603654	0.105271073	0.857207309
118	0.404780262	3.594834233	0.18311488	0.250578258	0.587895143	5.8307633	22.57131843	51.5227448	13.34811103	0.221665382	0.395142637	0.356592136	0.077101002	0.65535852
119	0.310679612	3.401941748	0.201941748	0.163106796	0.54368932	6.376699029	22.79611651	50.27572816	14.08932039	0.25631068	0.504854369	0.357281553	0.100970874	0.621359223
120	0.443797745	3.09930884	0.145507457	0.20371044	0.516551473	5.325572936	21.19316115	51.69152419	15.64205166	0.240087304	0.327391779	0.298290287	0.072753729	0.800291015
121	0.500804865	2.969057414	0.187801824	0.277231265	0.572348417	4.936505097	22.30370238	50.09837238	16.11518512	0.277231265	0.357717761	0.429261313	0.143087104	0.831693794
122	0.351639259	2.420105492	0.196504292	0.144792636	0.403350915	4.054193815	16.07198263	59.09608026	15.87547833	0.17581963	0.320612266	0.227531286	0.09308098	0.568828214
123	0.527292257	3.085636168	0.214822771	0.195293428	0.546821599	5.595156723	21.48227712	51.15711356	15.35006347	0.224587443	0.419880871	0.380822185	0.029294014	0.790938385
124	0.598546387	2.890123985	0.316374519	0.179563916	0.684053014	6.737922189	27.83240701	45.35271484	13.33903378	0.265070543	0.376229158	0.376229158	0.188114579	0.86361693
125	0.465627627	3.045980728	0.206945612	0.135808058	0.562633383	6.279505917	23.98628985	48.89090086	14.505594	0.187544461	0.368621872	0.394490073	0.058203453	0.911854103
126	0.56440064	3.184230478	0.109510572	0.252716705	0.480161739	6.595905989	23.94069581	48.5889984	14.2869177	0.252716705	0.429618398	0.438042288	0.117934462	0.758150114
127	0.339750849	2.825296537	0.131131907	0.131131907	0.458961674	5.465816296	18.63861239	56.45824641	13.87613995	0.166895154	0.482803839	0.315908685	0.101329201	0.607975204
128	0.409472463	2.907254487	0.170613526	0.177438067	0.532314202	6.728997475	23.06012421	50.31051662	13.62860848	0.313928888	0.361700676	0.450419709	0.143315362	0.805295844
129	0.379424359	2.894465825	0.124668004	0.195132528	0.498672015	6.629085587	22.16922326	52.27383598	13.19854735	0.18971218	0.308959835	0.346902271	0.102986612	0.688384194
130	0.379116973	3.135613301	0.442303136	0.157965406	0.465997946	6.903088224	22.23363084	51.69417898	12.72411342	0.165863676	0.410710054	0.402811784	0.055287892	0.829318379
131	0.482160077	3.06171649	0.192864031	0.072324012	0.675024108	6.316297011	23.07135969	49.71070395	14.3442623	0.337512054	0.458052073	0.433944069	0.072324012	0.771456123
132	0.383221851	2.654682274	0.22993311	0.1393534	0.592251951	6.43115942	25.40412486	47.58221851	14.43004459	0.397157191	0.501672241	0.341415831	0.14632107	0.766443701
133	0.298791254	2.41749287	0.169767758	0.142604916	0.400651908	6.091267147	22.03585495	52.43107429	13.98207253	0.292000543	0.359907646	0.380279777	0.095069944	0.903164471
134	0.218194025	2.584759987	0.167841558	0.167841558	0.335683115	5.068815039	17.25411212	58.6102719	14.03155421	0.184625713	0.352467271	0.167841558	0.050352467	0.805639476
135	0.225091814	1.978438574	0.142163251	0.059234688	0.367255065	5.40220353	17.41499822	59.13991233	13.80168227	0.177704063	0.213244876	0.308020377	0.04738775	0.722663192
136	0.370442581	2.846558783	0.185221291	0.146227335	0.47767596	5.927081302	19.0290505	56.34626633	12.83875999	0.29245467	0.360694092	0.272957692	0.116981868	0.789627608
137	0.293998378	2.422952149	0.121654501	0.070965126	0.47648013	6.559205191	20.00202758	55.10948905	13.12854826	0.182481752	0.405515004	0.293998378	0.081103001	0.851581509
138	0.221193416	2.026748971	0.154320988	0.149176955	0.277777778	5.406378601	15.67901235	62.22736626	12.41769547	0.21090535	0.282921811	0.257201646	0.082304527	0.606995885
139	0.229941693	2.200870494	0.131395253	0.164244067	0.44345898	5.370780981	14.73269278	62.37168432	12.97528127	0.131395253	0.262790507	0.303851523	0.106758643	0.574854233
140	0.303387831	2.258553851	0.168548795	0.235968313	0.303387831	5.814933423	17.76504298	58.38530255	13.33220968	0.202258554	0.235968313	0.185403674	0.050564638	0.758469577
141	0.202695855	2.047228134	0.152021891	0.141887098	0.425661295	4.560656735	15.05016722	61.81210094	14.29005777	0.121617513	0.263504611	0.121617513	0.081078342	0.729705078
142	0.12264206	0.951935993	0.134322257	0.023360392	0.256964317	3.299655434	8.526543246	72.11937161	13.57238802	0.134322257	0.233603925	0.181043042	0.029200491	0.414646966
143	0.271717414	2.00591385	0.127867018	0.103891952	0.383601055	4.787021498	14.78462399	63.2622073	12.67481819	0.247742348	0.279709103	0.263725725	0.079916886	0.727243667
144	0.264224062	1.955258059	0.176149375	0.088074687	0.317068874	5.689624802	12.52422054	65.24572838	12.47137573	0.158534437	0.352298749	0.1409195	0	0.616522811
145	0.289584306	3.269500234	0.168145726	0.12143858	0.448388603	7.473143391	22.43811303	51.91966371	12.09715086	0.186828585	0.24287716	0.345632882	0.056048575	0.943484353
146	0.23331173	2.851587816	0.103694102	0.142579391	0.505508749	7.414128321	24.74400519	49.28062217	12.65068049	0.259235256	0.337005833	0.531432275	0.103694102	0.842514582
147	0.175845818	2.124217486	0.119575157	0.211014982	0.414996131	5.120630231	15.2563832	61.9469649	13.13216572	0.15474432	0.30948864	0.288387142	0.070338327	0.675247943
148	0.163227997	1.717158527	0.137111517	0.110995038	0.346043353	4.15252024	12.78401672	65.75476626	13.6328023	0.124053278	0.306868634	0.221990076	0.039174719	0.50927135
149	0.184765765	1.43044463	0.143044463	0.154964835	0.274168554	3.635713434	11.71176541	66.36071045	14.93622601	0.131124091	0.303969484	0.172845393	0.047681488	0.512575992
150	0.070804815	0.731649752	0.070804815	0.035402407	0.177012037	1.958933207	7.635119188	75.63134293	13.00448431	0.035402407	0.153410432	0.177012037	0.070804815	0.247816852
151	0.225894662	1.135417905	0.101058138	0.112947331	0.303174414	3.441921294	11.75246701	68.74925693	13.02461063	0.124836524	0.26156224	0.160504102	0.053501367	0.552847462
152	0.144596651	1.598173516	0.144596651	0.091324201	0.433789954	4.200913242	13.82800609	66.32420091	12.28310502	0.098934551	0.289193303	0.060882801	0.0456621	0.456621005
153	0.24228117	2.397962353	0.149096105	0.130459092	0.472137665	6.175063676	19.18991116	57.52003479	12.23830527	0.136671429	0.3789526	0.304404547	0.049698702	0.615021433
154	0.226718812	2.414555348	0.221050842	0.124695347	0.481777475	6.478490053	21.97472085	54.56555008	11.92540951	0.175707079	0.340078218	0.277730545	0.073683614	0.719832228
155	0.373454145	2.503979429	0.208154769	0.153054977	0.440798335	6.14668789	23.20925677	51.46320558	13.84841435	0.324476552	0.361209747	0.324476552	0.042855394	0.599975511
156	0.410521514	2.8584461	0.136840505	0.136840505	0.56256652	8.499315797	27.06401095	46.34331762	11.93553292	0.334499012	0.364908013	0.456135016	0.091227003	0.805838528
157	0.388647867	2.711496746	0.21691974	0.135574837	0.442877802	8.206796819	26.62689805	46.98120029	12.42769342	0.234996385	0.32537961	0.424801157	0.07230658	0.804410701
158	0.369727609	4.436731306	0.181091074	0.15845469	0.332000302	8.405644005	26.65811514	46.32158757	11.31064665	0.188636535	0.354636686	0.415000377	0.098090998	0.769637063
159	0.478997789	4.335544092	0.196511914	0.171947924	0.429869811	8.106116433	28.50650946	43.8712847	11.74158683	0.356177843	0.368459838	0.515843773	0.147383935	0.77376566
160	0.432597493	4.962147719	0.216298747	0.133596285	0.464406133	8.085756091	25.76499777	46.54240092	11.61651505	0.279916025	0.305362937	0.464406133	0.069979006	0.661619696
161	0.338056535	4.596130332	0.237358843	0.158239229	0.374019996	8.142127598	28.03711429	43.68841257	12.41458678	0.215780767	0.45313961	0.546644609	0.136661152	0.661727685
162	0.442797759	3.452015182	0.180733779	0.289174047	0.641604916	8.431230797	31.85432857	38.39689138	14.17856497	0.379540936	0.406651003	0.686788361	0.135550334	0.52412796
163	0.551823417	3.298944338	0.131957774	0.215930902	0.467850288	9.093090211	33.72120921	38.49568138	11.99616123	0.371880998	0.503838772	0.455854127	0.215930902	0.479846449
164	0.3875	3.1	0.2125	0.15	0.5	8.6625	29.875	43.05	11.825	0.225	0.3625	0.675	0.25	0.725
165	0.415353767	3.337152678	0.186193068	0.171870524	0.537095388	7.469206531	25.75193354	47.32168433	12.74706388	0.35090232	0.537095388	0.379547408	0.085935262	0.708965912
166	0.247109699	3.318330244	0.167681582	0.194157621	0.573647516	8.00458918	29.04421499	42.92648487	13.48512929	0.255935045	0.450092666	0.53834613	0.150030889	0.644250287
167	0.2317253	3.265220139	0.210659364	0.136928586	0.452917632	6.878028228	24.80514009	48.00926901	13.93511692	0.242258268	0.4634506	0.421318728	0.052664841	0.895302296
